#Time: 15.00My
#x[km]	erosion[m]	eros_rate[m/My]	topo[m]
   0.00	     0.0	    0.00	 -129.3
   1.20	    -0.0	   -0.00	 -117.9
   2.40	    -0.0	   -0.00	 -106.5
   3.60	    -0.0	   -0.01	  -95.0
   4.80	    -0.0	   -0.01	  -83.6
   6.00	    -0.1	   -0.01	  -72.1
   7.20	    -0.1	   -0.01	  -60.7
   8.40	    -0.1	   -0.01	  -49.2
   9.60	    -0.1	   -0.02	  -37.7
  10.80	    -0.2	   -0.02	  -26.3
  12.00	    -0.2	   -0.02	  -14.7
  13.20	    -0.2	   -0.03	   -3.2
  14.40	    -0.3	   -0.03	    8.3
  15.60	    -0.3	   -0.04	   19.9
  16.80	    -0.4	   -0.04	   31.5
  18.00	    -0.4	   -0.05	   43.2
  19.20	    -0.5	   -0.05	   54.8
  20.40	    -0.6	   -0.06	   66.6
  21.60	    -0.6	   -0.07	   78.4
  22.80	    -0.7	   -0.08	   90.2
  24.00	    -0.7	   -0.05	  102.1
  25.20	    -0.8	   -0.08	  114.0
  26.40	    -0.9	   -0.09	  126.0
  27.60	    -0.9	   -0.09	  138.1
  28.80	    -1.0	   -0.10	  150.2
  30.00	    -1.1	   -0.11	  162.5
  31.20	    -1.1	   -0.12	  174.8
  32.40	    -1.2	   -0.12	  187.2
  33.60	    -1.3	   -0.13	  199.8
  34.80	    -1.4	   -0.14	  212.4
  36.00	    -1.4	   -0.14	  225.1
  37.20	    -1.5	   -0.15	  238.0
  38.40	    -1.6	   -0.16	  251.0
  39.60	    -1.7	   -0.17	  264.1
  40.80	    -1.7	   -0.17	  277.3
  42.00	    -1.8	   -0.18	  290.7
  43.20	    -1.9	   -0.19	  304.2
  44.40	    -2.0	   -0.19	  317.9
  45.60	    -2.0	   -0.20	  331.8
  46.80	    -2.1	   -0.21	  345.8
  48.00	    -2.1	   -0.21	  359.9
  49.20	    -2.2	   -0.22	  374.3
  50.40	    -2.3	   -0.22	  388.8
  51.60	    -2.3	   -0.23	  403.5
  52.80	    -2.4	   -0.24	  418.4
  54.00	    -2.4	   -0.23	  433.5
  55.20	    -2.5	   -0.24	  448.7
  56.40	    -2.5	   -0.24	  464.2
  57.60	    -2.6	   -0.25	  479.9
  58.80	    -2.6	   -0.25	  495.7
  60.00	    -2.6	   -0.25	  511.8
  61.20	    -2.6	   -0.26	  528.1
  62.40	    -2.7	   -0.26	  544.6
  63.60	    -2.7	   -0.26	  561.3
  64.80	    -2.7	   -0.26	  578.2
  66.00	    -2.7	   -0.26	  595.3
  67.20	    -2.7	   -0.26	  612.7
  68.40	    -2.7	   -0.25	  630.2
  69.60	    -2.7	   -0.25	  648.0
  70.80	    -2.6	   -0.24	  665.9
  72.00	    -2.6	   -0.22	  684.0
  73.20	    -2.5	   -0.20	  702.4
  74.40	    -2.4	   -0.19	  720.9
  75.60	    -2.3	   -0.14	  739.5
  76.80	    -2.1	   -0.08	  758.2
  78.00	    -1.8	    0.01	  777.0
  79.20	    -1.4	    0.09	  795.8
  80.40	    -0.9	    0.22	  814.5
  81.60	    -0.1	    0.50	  832.9
  82.80	     1.6	    1.21	  851.2
  84.00	     4.7	    2.07	  868.4
  85.20	     9.6	    3.28	  883.8
  86.40	    17.4	    4.93	  896.5
  87.60	    29.4	    7.09	  905.2
  88.80	    47.3	    9.74	  908.0
  90.00	    73.2	   12.77	  902.9
  91.20	   109.7	   15.92	  887.5
  92.40	   159.2	   18.79	  859.0
  93.60	   224.1	   20.82	  815.3
  94.80	   305.9	   21.45	  754.6
  96.00	   405.2	   20.17	  676.6
  97.20	   520.8	   16.73	  582.2
  98.40	   650.1	   11.26	  474.2
  99.60	   788.5	    4.30	  357.0
 100.80	  -600.4	   -1.99	  236.9
 102.00	  -525.6	   -6.28	  119.3
 103.20	  -452.1	   -9.99	    6.6
 104.40	  -381.8	  -12.85	  -98.2
 105.60	  -316.3	  -14.79	 -192.8
 106.80	  -257.1	  -15.81	 -275.6
 108.00	  -205.1	  -15.99	 -346.0
 109.20	  -160.4	  -15.45	 -403.7
 110.40	  -123.1	  -14.35	 -449.0
 111.60	   -92.5	  -12.87	 -482.9
 112.80	   -68.0	  -11.12	 -506.3
 114.00	   -48.9	   -9.36	 -520.8
 115.20	   -34.1	   -7.60	 -527.6
 116.40	   -23.0	   -5.98	 -528.2
 117.60	   -14.8	   -4.53	 -523.8
 118.80	    -8.9	   -3.35	 -515.6
 120.00	    -4.7	   -2.36	 -504.6
 121.20	    -1.8	   -1.60	 -491.6
 122.40	     0.2	   -0.99	 -477.2
 123.60	     1.6	   -0.56	 -461.9
 124.80	     2.5	   -0.28	 -446.1
 126.00	     3.1	   -0.02	 -430.1
 127.20	     3.5	    0.18	 -413.9
 128.40	     3.7	    0.28	 -397.9
 129.60	     3.8	    0.34	 -382.1
 130.80	     3.9	    0.37	 -366.6
 132.00	     3.9	    0.38	 -351.3
 133.20	     4.0	    0.39	 -336.4
 134.40	     4.0	    0.39	 -321.8
 135.60	     4.0	    0.39	 -307.5
 136.80	     4.0	    0.40	 -293.6
 138.00	     4.0	    0.40	 -279.9
 139.20	     4.0	    0.40	 -266.6
 140.40	     4.0	    0.40	 -253.6
 141.60	     4.0	    0.39	 -241.0
 142.80	     4.0	    0.39	 -228.6
 144.00	     3.9	    0.39	 -216.6
 145.20	     3.9	    0.39	 -204.9
 146.40	     3.9	    0.39	 -193.5
 147.60	     3.9	    0.38	 -182.4
 148.80	     3.8	    0.38	 -171.7
 150.00	     3.8	    0.38	 -161.2
 151.20	     3.8	    0.37	 -151.1
 152.40	     3.7	    0.37	 -141.2
 153.60	     3.7	    0.37	 -131.7
 154.80	     3.6	    0.36	 -122.5
 156.00	     3.6	    0.36	 -113.5
 157.20	     3.5	    0.35	 -104.9
 158.40	     3.5	    0.35	  -96.5
 159.60	     3.4	    0.34	  -88.5
 160.80	     3.4	    0.34	  -80.7
 162.00	     3.3	    0.33	  -73.1
 163.20	     3.3	    0.33	  -65.9
 164.40	     3.2	    0.32	  -58.9
 165.60	     3.2	    0.32	  -52.2
 166.80	     3.1	    0.31	  -45.7
 168.00	     3.0	    0.30	  -39.5
 169.20	     3.0	    0.30	  -33.6
 170.40	     2.9	    0.29	  -27.8
 171.60	     2.9	    0.29	  -22.3
 172.80	     2.8	    0.28	  -17.1
 174.00	     2.7	    0.27	  -12.1
 175.20	     2.7	    0.27	   -7.3
 176.40	     2.6	    0.26	   -2.7
 177.60	     2.6	    0.26	    1.7
 178.80	     2.5	    0.25	    5.8
 180.00	     2.4	    0.24	    9.8
 181.20	     2.4	    0.24	   13.5
 182.40	     2.3	    0.23	   17.1
 183.60	     2.3	    0.22	   20.5
 184.80	     2.2	    0.22	   23.7
 186.00	     2.1	    0.21	   26.7
 187.20	     2.1	    0.21	   29.5
 188.40	     2.0	    0.20	   32.2
 189.60	     2.0	    0.19	   34.7
 190.80	     1.9	    0.19	   37.1
 192.00	     1.8	    0.18	   39.3
 193.20	     1.8	    0.18	   41.3
 194.40	     1.7	    0.17	   43.2
 195.60	     1.7	    0.17	   45.0
 196.80	     1.6	    0.16	   46.6
 198.00	     1.6	    0.16	   48.1
 199.20	     1.5	    0.15	   49.5
 200.40	     1.5	    0.14	   50.7
 201.60	     1.4	    0.14	   51.9
 202.80	     1.3	    0.13	   52.9
 204.00	     1.3	    0.13	   53.8
 205.20	     1.2	    0.12	   54.6
 206.40	     1.2	    0.12	   55.3
 207.60	     1.2	    0.11	   55.9
 208.80	     1.1	    0.11	   56.4
 210.00	     1.1	    0.11	   56.8
 211.20	     1.0	    0.10	   57.1
 212.40	     1.0	    0.10	   57.4
 213.60	     0.9	    0.09	   57.6
 214.80	     0.9	    0.09	   57.7
 216.00	     0.8	    0.08	   57.7
 217.20	     0.8	    0.08	   57.6
 218.40	     0.8	    0.08	   57.5
 219.60	     0.7	    0.07	   57.4
 220.80	     0.7	    0.07	   57.1
 222.00	     0.6	    0.06	   56.9
 223.20	     0.6	    0.06	   56.5
 224.40	     0.6	    0.05	   56.2
 225.60	     0.5	    0.04	   55.7
 226.80	     0.5	    0.03	   55.3
 228.00	     0.4	    0.01	   54.8
 229.20	     0.3	   -0.01	   54.3
 230.40	     0.2	   -0.04	   53.8
 231.60	     0.1	   -0.08	   53.4
 232.80	    -0.1	   -0.14	   53.0
 234.00	    -0.4	   -0.20	   52.8
 235.20	    -0.8	   -0.28	   52.7
 236.40	    -1.3	   -0.35	   52.9
 237.60	    -2.1	   -0.50	   53.4
 238.80	    -3.0	   -0.63	   54.2
 240.00	    -4.3	   -0.79	   55.7
 241.20	    -5.8	   -0.92	   57.7
 242.40	    -7.9	   -1.11	   60.5
 243.60	   -10.4	   -1.27	   64.2
 244.80	   -13.6	   -1.43	   69.0
 246.00	   -17.4	   -1.57	   74.9
 247.20	   -21.9	   -1.68	   82.0
 248.40	   -27.2	   -1.76	   90.5
 249.60	   -33.2	   -1.80	  100.5
 250.80	   -31.1	   -1.79	  111.9
 252.00	   -25.4	   -1.74	  124.7
 253.20	   -20.4	   -1.65	  138.9
 254.40	   -16.2	   -1.54	  154.5
 255.60	   -12.6	   -1.39	  171.3
 256.80	    -9.7	   -1.24	  189.3
 258.00	    -7.4	   -1.07	  208.2
 259.20	    -5.5	   -0.88	  228.0
 260.40	    -4.1	   -0.76	  248.6
 261.60	    -2.9	   -0.62	  269.7
 262.80	    -2.1	   -0.49	  291.4
 264.00	    -1.5	   -0.35	  313.5
 265.20	    -1.1	   -0.29	  335.9
 266.40	    -0.7	   -0.22	  358.5
 267.60	    -0.5	   -0.15	  381.3
 268.80	    -0.4	   -0.12	  404.3
 270.00	    -0.3	   -0.09	  427.3
 271.20	    -0.2	   -0.06	  450.4
 272.40	    -0.2	   -0.04	  473.6
 273.60	    -0.2	   -0.03	  496.8
 274.80	    -0.2	   -0.02	  520.0
 276.00	    -0.1	   -0.02	  543.3
 277.20	    -0.1	   -0.01	  566.6
 278.40	    -0.1	   -0.01	  589.8
 279.60	    -0.1	   -0.00	  613.1
 280.80	    -0.1	    0.00	  636.4
 282.00	    -0.1	    0.01	  659.7
 283.20	    -0.0	    0.03	  683.0
 284.40	     0.0	    0.05	  706.2
 285.60	     0.2	    0.11	  729.5
 286.80	     0.5	    0.18	  752.6
 288.00	     0.9	    0.28	  775.5
 289.20	     1.6	    0.42	  798.3
 290.40	     2.6	    0.60	  820.7
 291.60	     4.1	    0.83	  842.6
 292.80	     6.4	    1.09	  863.8
 294.00	     9.5	    1.39	  884.1
 295.20	    13.7	    1.69	  903.3
 296.40	    19.4	    1.97	  921.1
 297.60	    26.7	    2.21	  937.3
 298.80	    35.8	    2.36	  951.8
 300.00	    46.8	    2.42	  964.2
 301.20	    35.8	    2.36	  974.8
 302.40	    26.7	    2.21	  983.4
 303.60	    19.4	    1.97	  990.2
 304.80	    13.8	    1.69	  995.4
 306.00	     9.5	    1.39	  999.2
 307.20	     6.4	    1.09	 1001.9
 308.40	     4.1	    0.83	 1003.7
 309.60	     2.6	    0.60	 1004.9
 310.80	     1.6	    0.42	 1005.5
 312.00	     0.9	    0.29	 1005.8
 313.20	     0.5	    0.18	 1005.8
 314.40	     0.2	    0.11	 1005.8
 315.60	     0.1	    0.06	 1005.6
 316.80	    -0.0	    0.03	 1005.3
 318.00	    -0.1	    0.01	 1005.0
 319.20	    -0.1	    0.01	 1004.8
 320.40	    -0.1	    0.00	 1004.5
 321.60	    -0.1	   -0.00	 1004.2
 322.80	    -0.1	   -0.01	 1003.9
 324.00	    -0.1	   -0.01	 1003.6
 325.20	    -0.1	   -0.01	 1003.4
 326.40	    -0.1	   -0.01	 1003.1
 327.60	    -0.1	   -0.01	 1002.8
 328.80	    -0.1	   -0.01	 1002.6
 330.00	    -0.1	   -0.01	 1002.3
 331.20	    -0.1	   -0.01	 1002.1
 332.40	    -0.1	   -0.01	 1001.9
 333.60	    -0.1	   -0.01	 1001.7
 334.80	    -0.1	   -0.01	 1001.5
 336.00	    -0.1	   -0.01	 1001.3
 337.20	    -0.1	   -0.01	 1001.1
 338.40	    -0.1	   -0.01	 1000.9
 339.60	    -0.1	   -0.01	 1000.7
 340.80	    -0.1	   -0.01	 1000.5
 342.00	    -0.1	   -0.01	 1000.4
 343.20	    -0.1	   -0.01	 1000.2
 344.40	    -0.1	   -0.01	 1000.1
 345.60	    -0.1	   -0.01	  999.9
 346.80	    -0.1	   -0.01	  999.8
 348.00	    -0.1	   -0.01	  999.7
 349.20	    -0.1	   -0.01	  999.5
 350.40	    -0.1	   -0.01	  999.4
 351.60	    -0.1	   -0.01	  999.3
 352.80	    -0.1	   -0.01	  999.2
 354.00	    -0.1	   -0.01	  999.1
 355.20	    -0.1	   -0.01	  999.0
 356.40	    -0.1	   -0.01	  998.9
 357.60	    -0.1	   -0.01	  998.9
 358.80	    -0.1	   -0.01	  998.8
 360.00	    -0.1	   -0.01	  998.7
 361.20	    -0.1	   -0.01	  998.6
 362.40	    -0.1	   -0.01	  998.6
 363.60	    -0.1	   -0.01	  998.5
 364.80	    -0.1	   -0.01	  998.5
 366.00	    -0.0	   -0.00	  998.4
 367.20	    -0.0	   -0.00	  998.4
 368.40	    -0.0	   -0.00	  998.3
 369.60	    -0.0	   -0.00	  998.3
 370.80	    -0.0	   -0.00	  998.3
 372.00	    -0.0	   -0.00	  998.2
 373.20	    -0.0	   -0.00	  998.2
 374.40	    -0.0	   -0.00	  998.2
 375.60	    -0.0	   -0.00	  998.2
 376.80	    -0.0	   -0.00	  998.1
 378.00	    -0.0	   -0.00	  998.1
 379.20	    -0.0	   -0.00	  998.1
 380.40	    -0.0	   -0.00	  998.1
 381.60	    -0.0	   -0.00	  998.1
 382.80	    -0.0	   -0.00	  998.1
 384.00	    -0.0	   -0.00	  998.1
 385.20	    -0.0	   -0.00	  998.1
 386.40	    -0.0	   -0.00	  998.1
 387.60	    -0.0	   -0.00	  998.1
 388.80	    -0.0	   -0.00	  998.1
 390.00	    -0.0	   -0.00	  998.1
 391.20	    -0.0	   -0.00	  998.1
 392.40	    -0.0	   -0.00	  998.1
 393.60	    -0.0	   -0.00	  998.1
 394.80	    -0.0	   -0.00	  998.2
 396.00	    -0.0	   -0.00	  998.2
 397.20	    -0.0	   -0.00	  998.2
 398.40	    -0.0	   -0.00	  998.2
 399.60	    -0.0	   -0.00	  998.2
 400.80	    -0.0	   -0.00	  998.3
