#tAo output file of project ''. t= 15.00 My
#Densities:	    2850	    2850	    1900	    1900
#x(km),Ages->	    0.00	    0.00	    5.00	   10.00
    0.00	 -2129.3	  -129.3	  -129.3	  -129.3
    1.20	 -2117.9	  -117.9	  -117.9	  -117.9
    2.40	 -2106.5	  -106.5	  -106.5	  -106.5
    3.60	 -2095.1	   -95.1	   -95.1	   -95.0
    4.80	 -2083.7	   -83.7	   -83.6	   -83.6
    6.00	 -2072.2	   -72.2	   -72.2	   -72.1
    7.20	 -2060.8	   -60.8	   -60.8	   -60.7
    8.40	 -2049.4	   -49.4	   -49.3	   -49.2
    9.60	 -2038.0	   -38.0	   -37.9	   -37.7
   10.80	 -2026.5	   -26.5	   -26.4	   -26.3
   12.00	 -2015.1	   -15.1	   -14.9	   -14.7
   13.20	 -2003.6	    -3.6	    -3.4	    -3.2
   14.40	 -1992.2	     7.8	     8.1	     8.3
   15.60	 -1980.7	    19.3	    19.6	    19.9
   16.80	 -1969.1	    30.9	    31.2	    31.5
   18.00	 -1957.6	    42.4	    42.8	    43.2
   19.20	 -1946.0	    54.0	    54.4	    54.8
   20.40	 -1934.4	    65.6	    66.1	    66.6
   21.60	 -1922.7	    77.3	    77.8	    78.4
   22.80	 -1911.0	    89.0	    89.6	    90.2
   24.00	 -1899.2	   100.8	   101.4	   102.1
   25.20	 -1887.4	   112.6	   113.3	   114.0
   26.40	 -1875.5	   124.5	   125.3	   126.0
   27.60	 -1863.5	   136.5	   137.3	   138.1
   28.80	 -1851.5	   148.5	   149.4	   150.2
   30.00	 -1839.4	   160.6	   161.5	   162.5
   31.20	 -1827.2	   172.8	   173.8	   174.8
   32.40	 -1814.9	   185.1	   186.2	   187.2
   33.60	 -1802.5	   197.5	   198.6	   199.8
   34.80	 -1790.0	   210.0	   211.2	   212.4
   36.00	 -1777.4	   222.6	   223.9	   225.1
   37.20	 -1764.7	   235.3	   236.7	   238.0
   38.40	 -1751.8	   248.2	   249.6	   251.0
   39.60	 -1738.8	   261.2	   262.6	   264.1
   40.80	 -1725.7	   274.3	   275.8	   277.3
   42.00	 -1712.5	   287.5	   289.1	   290.7
   43.20	 -1699.1	   300.9	   302.6	   304.2
   44.40	 -1685.5	   314.5	   316.2	   317.9
   45.60	 -1671.8	   328.2	   330.0	   331.8
   46.80	 -1657.9	   342.1	   343.9	   345.8
   48.00	 -1643.8	   356.2	   358.1	   359.9
   49.20	 -1629.6	   370.4	   372.4	   374.3
   50.40	 -1615.2	   384.8	   386.8	   388.8
   51.60	 -1600.6	   399.4	   401.5	   403.5
   52.80	 -1585.8	   414.2	   416.3	   418.4
   54.00	 -1570.8	   429.2	   431.3	   433.5
   55.20	 -1555.6	   444.4	   446.6	   448.7
   56.40	 -1540.3	   459.7	   462.0	   464.2
   57.60	 -1524.7	   475.3	   477.6	   479.9
   58.80	 -1508.9	   491.1	   493.5	   495.7
   60.00	 -1492.8	   507.2	   509.5	   511.8
   61.20	 -1476.6	   523.4	   525.8	   528.1
   62.40	 -1460.1	   539.9	   542.3	   544.6
   63.60	 -1443.5	   556.5	   558.9	   561.3
   64.80	 -1426.6	   573.4	   575.9	   578.2
   66.00	 -1409.5	   590.5	   593.0	   595.3
   67.20	 -1392.1	   607.9	   610.3	   612.7
   68.40	 -1374.6	   625.4	   627.9	   630.2
   69.60	 -1356.8	   643.2	   645.6	   648.0
   70.80	 -1338.8	   661.2	   663.6	   665.9
   72.00	 -1320.5	   679.5	   681.8	   684.0
   73.20	 -1302.1	   697.9	   700.3	   702.4
   74.40	 -1283.4	   716.6	   718.9	   720.9
   75.60	 -1264.6	   735.4	   737.7	   739.5
   76.80	 -1245.5	   754.5	   756.7	   758.2
   78.00	 -1226.2	   773.8	   775.9	   777.0
   79.20	 -1206.7	   793.3	   795.3	   795.8
   80.40	 -1187.1	   812.9	   814.5	   814.5
   81.60	 -1167.2	   832.8	   832.9	   832.9
   82.80	 -1147.2	   851.2	   851.2	   851.2
   84.00	 -1127.0	   868.4	   868.4	   868.4
   85.20	 -1106.6	   883.8	   883.8	   883.8
   86.40	 -1086.1	   896.5	   896.5	   896.5
   87.60	 -1065.5	   905.2	   905.2	   905.2
   88.80	 -1044.7	   908.0	   908.0	   908.0
   90.00	 -1023.8	   902.9	   902.9	   902.9
   91.20	 -1002.8	   887.5	   887.5	   887.5
   92.40	  -981.8	   859.0	   859.0	   859.0
   93.60	  -960.6	   815.3	   815.3	   815.3
   94.80	  -939.5	   754.6	   754.6	   754.6
   96.00	  -918.2	   676.6	   676.6	   676.6
   97.20	  -897.0	   582.2	   582.2	   582.2
   98.40	  -875.8	   474.2	   474.2	   474.2
   99.60	  -854.5	   357.0	   357.0	   357.0
  100.80	  -833.4	  -833.4	   208.7	   236.9
  102.00	  -812.3	  -812.3	    31.8	   119.3
  103.20	  -791.2	  -791.2	  -129.5	     6.6
  104.40	  -770.3	  -770.3	  -268.5	   -98.2
  105.60	  -749.5	  -749.5	  -381.7	  -192.8
  106.80	  -728.8	  -728.8	  -468.5	  -275.6
  108.00	  -708.3	  -708.3	  -530.7	  -346.0
  109.20	  -688.0	  -688.0	  -571.2	  -403.7
  110.40	  -667.8	  -667.8	  -594.1	  -449.0
  111.60	  -647.9	  -647.9	  -603.3	  -482.9
  112.80	  -628.2	  -628.2	  -602.5	  -506.3
  114.00	  -608.8	  -608.8	  -594.8	  -520.8
  115.20	  -589.6	  -589.6	  -582.5	  -527.6
  116.40	  -570.7	  -570.7	  -567.5	  -528.2
  117.60	  -552.0	  -552.0	  -550.8	  -523.8
  118.80	  -533.7	  -533.7	  -533.4	  -515.6
  120.00	  -515.6	  -515.6	  -515.6	  -504.6
  121.20	  -497.9	  -497.9	  -497.9	  -491.6
  122.40	  -480.4	  -480.4	  -480.4	  -477.2
  123.60	  -463.3	  -463.3	  -463.3	  -461.9
  124.80	  -446.5	  -446.5	  -446.5	  -446.1
  126.00	  -430.1	  -430.1	  -430.1	  -430.1
  127.20	  -413.9	  -413.9	  -413.9	  -413.9
  128.40	  -397.9	  -397.9	  -397.9	  -397.9
  129.60	  -382.1	  -382.1	  -382.1	  -382.1
  130.80	  -366.6	  -366.6	  -366.6	  -366.6
  132.00	  -351.3	  -351.3	  -351.3	  -351.3
  133.20	  -336.4	  -336.4	  -336.4	  -336.4
  134.40	  -321.8	  -321.8	  -321.8	  -321.8
  135.60	  -307.5	  -307.5	  -307.5	  -307.5
  136.80	  -293.6	  -293.6	  -293.6	  -293.6
  138.00	  -279.9	  -279.9	  -279.9	  -279.9
  139.20	  -266.6	  -266.6	  -266.6	  -266.6
  140.40	  -253.6	  -253.6	  -253.6	  -253.6
  141.60	  -241.0	  -241.0	  -241.0	  -241.0
  142.80	  -228.6	  -228.6	  -228.6	  -228.6
  144.00	  -216.6	  -216.6	  -216.6	  -216.6
  145.20	  -204.9	  -204.9	  -204.9	  -204.9
  146.40	  -193.5	  -193.5	  -193.5	  -193.5
  147.60	  -182.4	  -182.4	  -182.4	  -182.4
  148.80	  -171.7	  -171.7	  -171.7	  -171.7
  150.00	  -161.2	  -161.2	  -161.2	  -161.2
  151.20	  -151.1	  -151.1	  -151.1	  -151.1
  152.40	  -141.2	  -141.2	  -141.2	  -141.2
  153.60	  -131.7	  -131.7	  -131.7	  -131.7
  154.80	  -122.5	  -122.5	  -122.5	  -122.5
  156.00	  -113.5	  -113.5	  -113.5	  -113.5
  157.20	  -104.9	  -104.9	  -104.9	  -104.9
  158.40	   -96.5	   -96.5	   -96.5	   -96.5
  159.60	   -88.5	   -88.5	   -88.5	   -88.5
  160.80	   -80.7	   -80.7	   -80.7	   -80.7
  162.00	   -73.1	   -73.1	   -73.1	   -73.1
  163.20	   -65.9	   -65.9	   -65.9	   -65.9
  164.40	   -58.9	   -58.9	   -58.9	   -58.9
  165.60	   -52.2	   -52.2	   -52.2	   -52.2
  166.80	   -45.7	   -45.7	   -45.7	   -45.7
  168.00	   -39.5	   -39.5	   -39.5	   -39.5
  169.20	   -33.6	   -33.6	   -33.6	   -33.6
  170.40	   -27.8	   -27.8	   -27.8	   -27.8
  171.60	   -22.3	   -22.3	   -22.3	   -22.3
  172.80	   -17.1	   -17.1	   -17.1	   -17.1
  174.00	   -12.1	   -12.1	   -12.1	   -12.1
  175.20	    -7.3	    -7.3	    -7.3	    -7.3
  176.40	    -2.7	    -2.7	    -2.7	    -2.7
  177.60	     1.7	     1.7	     1.7	     1.7
  178.80	     5.8	     5.8	     5.8	     5.8
  180.00	     9.8	     9.8	     9.8	     9.8
  181.20	    13.5	    13.5	    13.5	    13.5
  182.40	    17.1	    17.1	    17.1	    17.1
  183.60	    20.5	    20.5	    20.5	    20.5
  184.80	    23.7	    23.7	    23.7	    23.7
  186.00	    26.7	    26.7	    26.7	    26.7
  187.20	    29.5	    29.5	    29.5	    29.5
  188.40	    32.2	    32.2	    32.2	    32.2
  189.60	    34.7	    34.7	    34.7	    34.7
  190.80	    37.1	    37.1	    37.1	    37.1
  192.00	    39.3	    39.3	    39.3	    39.3
  193.20	    41.3	    41.3	    41.3	    41.3
  194.40	    43.2	    43.2	    43.2	    43.2
  195.60	    45.0	    45.0	    45.0	    45.0
  196.80	    46.6	    46.6	    46.6	    46.6
  198.00	    48.1	    48.1	    48.1	    48.1
  199.20	    49.5	    49.5	    49.5	    49.5
  200.40	    50.7	    50.7	    50.7	    50.7
  201.60	    51.9	    51.9	    51.9	    51.9
  202.80	    52.9	    52.9	    52.9	    52.9
  204.00	    53.8	    53.8	    53.8	    53.8
  205.20	    54.6	    54.6	    54.6	    54.6
  206.40	    55.3	    55.3	    55.3	    55.3
  207.60	    55.9	    55.9	    55.9	    55.9
  208.80	    56.4	    56.4	    56.4	    56.4
  210.00	    56.8	    56.8	    56.8	    56.8
  211.20	    57.1	    57.1	    57.1	    57.1
  212.40	    57.4	    57.4	    57.4	    57.4
  213.60	    57.6	    57.6	    57.6	    57.6
  214.80	    57.7	    57.7	    57.7	    57.7
  216.00	    57.7	    57.7	    57.7	    57.7
  217.20	    57.6	    57.6	    57.6	    57.6
  218.40	    57.5	    57.5	    57.5	    57.5
  219.60	    57.4	    57.4	    57.4	    57.4
  220.80	    57.1	    57.1	    57.1	    57.1
  222.00	    56.9	    56.9	    56.9	    56.9
  223.20	    56.5	    56.5	    56.5	    56.5
  224.40	    56.2	    56.2	    56.2	    56.2
  225.60	    55.7	    55.7	    55.7	    55.7
  226.80	    55.3	    55.3	    55.3	    55.3
  228.00	    54.8	    54.8	    54.8	    54.8
  229.20	    54.3	    54.3	    54.3	    54.3
  230.40	    53.7	    53.7	    53.7	    53.8
  231.60	    53.1	    53.1	    53.1	    53.4
  232.80	    52.5	    52.5	    52.5	    53.0
  234.00	    51.8	    51.8	    51.8	    52.8
  235.20	    51.1	    51.1	    51.2	    52.7
  236.40	    50.4	    50.4	    50.6	    52.9
  237.60	    49.7	    49.7	    50.1	    53.4
  238.80	    48.9	    48.9	    49.7	    54.2
  240.00	    48.1	    48.1	    49.6	    55.7
  241.20	    47.3	    47.3	    50.0	    57.7
  242.40	    46.4	    46.4	    50.9	    60.5
  243.60	    45.6	    45.6	    52.6	    64.2
  244.80	    44.7	    44.7	    55.4	    69.0
  246.00	    43.9	    43.9	    59.4	    74.9
  247.20	    43.0	    43.0	    65.1	    82.0
  248.40	    42.1	    42.1	    72.6	    90.5
  249.60	    41.2	    41.2	    82.0	   100.5
  250.80	    56.4	    56.4	    93.5	   111.9
  252.00	    79.5	    79.5	   107.0	   124.7
  253.20	   102.6	   102.6	   122.4	   138.9
  254.40	   125.7	   125.7	   139.6	   154.5
  255.60	   148.8	   148.8	   158.3	   171.3
  256.80	   172.0	   172.0	   178.2	   189.3
  258.00	   195.1	   195.1	   199.1	   208.2
  259.20	   218.2	   218.2	   220.7	   228.0
  260.40	   241.4	   241.4	   242.9	   248.6
  261.60	   264.5	   264.5	   265.4	   269.7
  262.80	   287.7	   287.7	   288.2	   291.4
  264.00	   310.8	   310.8	   311.1	   313.5
  265.20	   334.0	   334.0	   334.2	   335.9
  266.40	   357.2	   357.2	   357.3	   358.5
  267.60	   380.4	   380.4	   380.5	   381.3
  268.80	   403.6	   403.6	   403.7	   404.3
  270.00	   426.8	   426.8	   426.9	   427.3
  271.20	   450.0	   450.0	   450.1	   450.4
  272.40	   473.3	   473.3	   473.4	   473.6
  273.60	   496.5	   496.5	   496.6	   496.8
  274.80	   519.8	   519.8	   519.9	   520.0
  276.00	   543.1	   543.1	   543.2	   543.3
  277.20	   566.3	   566.3	   566.5	   566.6
  278.40	   589.6	   589.6	   589.8	   589.8
  279.60	   612.9	   612.9	   613.1	   613.1
  280.80	   636.3	   636.3	   636.4	   636.4
  282.00	   659.6	   659.6	   659.7	   659.7
  283.20	   682.9	   682.9	   683.0	   683.0
  284.40	   706.2	   706.2	   706.2	   706.2
  285.60	   729.5	   729.5	   729.5	   729.5
  286.80	   752.6	   752.6	   752.6	   752.6
  288.00	   775.5	   775.5	   775.5	   775.5
  289.20	   798.3	   798.3	   798.3	   798.3
  290.40	   820.7	   820.7	   820.7	   820.7
  291.60	   842.6	   842.6	   842.6	   842.6
  292.80	   863.8	   863.8	   863.8	   863.8
  294.00	   884.1	   884.1	   884.1	   884.1
  295.20	   903.3	   903.3	   903.3	   903.3
  296.40	   921.1	   921.1	   921.1	   921.1
  297.60	   937.3	   937.3	   937.3	   937.3
  298.80	   951.8	   951.8	   951.8	   951.8
  300.00	   964.2	   964.2	   964.2	   964.2
  301.20	   974.8	   974.8	   974.8	   974.8
  302.40	   983.4	   983.4	   983.4	   983.4
  303.60	   990.2	   990.2	   990.2	   990.2
  304.80	   995.4	   995.4	   995.4	   995.4
  306.00	   999.2	   999.2	   999.2	   999.2
  307.20	  1001.9	  1001.9	  1001.9	  1001.9
  308.40	  1003.7	  1003.7	  1003.7	  1003.7
  309.60	  1004.9	  1004.9	  1004.9	  1004.9
  310.80	  1005.5	  1005.5	  1005.5	  1005.5
  312.00	  1005.8	  1005.8	  1005.8	  1005.8
  313.20	  1005.8	  1005.8	  1005.8	  1005.8
  314.40	  1005.8	  1005.8	  1005.8	  1005.8
  315.60	  1005.6	  1005.6	  1005.6	  1005.6
  316.80	  1005.3	  1005.3	  1005.3	  1005.3
  318.00	  1004.9	  1004.9	  1005.0	  1005.0
  319.20	  1004.6	  1004.6	  1004.7	  1004.8
  320.40	  1004.3	  1004.3	  1004.4	  1004.5
  321.60	  1004.0	  1004.0	  1004.1	  1004.2
  322.80	  1003.7	  1003.7	  1003.8	  1003.9
  324.00	  1003.4	  1003.4	  1003.5	  1003.6
  325.20	  1003.2	  1003.2	  1003.3	  1003.4
  326.40	  1002.9	  1002.9	  1003.0	  1003.1
  327.60	  1002.6	  1002.6	  1002.7	  1002.8
  328.80	  1002.4	  1002.4	  1002.5	  1002.6
  330.00	  1002.1	  1002.1	  1002.2	  1002.3
  331.20	  1001.9	  1001.9	  1002.0	  1002.1
  332.40	  1001.7	  1001.7	  1001.8	  1001.9
  333.60	  1001.5	  1001.5	  1001.6	  1001.7
  334.80	  1001.3	  1001.3	  1001.4	  1001.5
  336.00	  1001.1	  1001.1	  1001.2	  1001.3
  337.20	  1000.9	  1000.9	  1001.0	  1001.1
  338.40	  1000.7	  1000.7	  1000.8	  1000.9
  339.60	  1000.5	  1000.5	  1000.6	  1000.7
  340.80	  1000.4	  1000.4	  1000.5	  1000.5
  342.00	  1000.2	  1000.2	  1000.3	  1000.4
  343.20	  1000.1	  1000.1	  1000.1	  1000.2
  344.40	   999.9	   999.9	  1000.0	  1000.1
  345.60	   999.8	   999.8	   999.9	   999.9
  346.80	   999.7	   999.7	   999.7	   999.8
  348.00	   999.5	   999.5	   999.6	   999.7
  349.20	   999.4	   999.4	   999.5	   999.5
  350.40	   999.3	   999.3	   999.4	   999.4
  351.60	   999.2	   999.2	   999.3	   999.3
  352.80	   999.1	   999.1	   999.2	   999.2
  354.00	   999.0	   999.0	   999.1	   999.1
  355.20	   998.9	   998.9	   999.0	   999.0
  356.40	   998.8	   998.8	   998.9	   998.9
  357.60	   998.7	   998.7	   998.8	   998.9
  358.80	   998.7	   998.7	   998.7	   998.8
  360.00	   998.6	   998.6	   998.7	   998.7
  361.20	   998.5	   998.5	   998.6	   998.6
  362.40	   998.5	   998.5	   998.5	   998.6
  363.60	   998.4	   998.4	   998.5	   998.5
  364.80	   998.4	   998.4	   998.4	   998.5
  366.00	   998.3	   998.3	   998.4	   998.4
  367.20	   998.3	   998.3	   998.3	   998.4
  368.40	   998.3	   998.3	   998.3	   998.3
  369.60	   998.2	   998.2	   998.3	   998.3
  370.80	   998.2	   998.2	   998.2	   998.3
  372.00	   998.2	   998.2	   998.2	   998.2
  373.20	   998.1	   998.1	   998.2	   998.2
  374.40	   998.1	   998.1	   998.1	   998.2
  375.60	   998.1	   998.1	   998.1	   998.2
  376.80	   998.1	   998.1	   998.1	   998.1
  378.00	   998.1	   998.1	   998.1	   998.1
  379.20	   998.1	   998.1	   998.1	   998.1
  380.40	   998.1	   998.1	   998.1	   998.1
  381.60	   998.0	   998.0	   998.1	   998.1
  382.80	   998.0	   998.0	   998.1	   998.1
  384.00	   998.0	   998.0	   998.1	   998.1
  385.20	   998.1	   998.1	   998.1	   998.1
  386.40	   998.1	   998.1	   998.1	   998.1
  387.60	   998.1	   998.1	   998.1	   998.1
  388.80	   998.1	   998.1	   998.1	   998.1
  390.00	   998.1	   998.1	   998.1	   998.1
  391.20	   998.1	   998.1	   998.1	   998.1
  392.40	   998.1	   998.1	   998.1	   998.1
  393.60	   998.1	   998.1	   998.1	   998.1
  394.80	   998.1	   998.1	   998.1	   998.2
  396.00	   998.2	   998.2	   998.2	   998.2
  397.20	   998.2	   998.2	   998.2	   998.2
  398.40	   998.2	   998.2	   998.2	   998.2
  399.60	   998.2	   998.2	   998.2	   998.2
  400.80	   998.2	   998.2	   998.2	   998.3