	15.000 My	15.000 My
	w(m)	h(m)	w(m)	h(m)
	2129.321	-129.321	2129.321	-129.321
	2117.907	-117.890	2117.907	-117.890
	2106.493	-106.458	2106.493	-106.458
	2095.079	-95.022	2095.079	-95.022
	2083.664	-83.582	2083.664	-83.582
	2072.248	-72.136	2072.248	-72.136
	2060.829	-60.683	2060.829	-60.683
	2049.406	-49.219	2049.406	-49.219
	2037.978	-37.744	2037.978	-37.744
	2026.541	-26.254	2026.541	-26.254
	2015.092	-14.747	2015.092	-14.747
	2003.631	-3.220	2003.631	-3.220
	1992.151	8.331	1992.151	8.331
	1980.651	19.908	1980.651	19.908
	1969.127	31.515	1969.127	31.515
	1957.573	43.156	1957.573	43.156
	1945.986	54.837	1945.986	54.837
	1934.361	66.561	1934.361	66.561
	1922.694	78.365	1922.694	78.365
	1910.979	90.195	1910.979	90.195
	1899.212	102.056	1899.212	102.056
	1887.386	114.000	1887.386	114.000
	1875.497	126.010	1875.497	126.010
	1863.539	138.090	1863.539	138.090
	1851.505	150.247	1851.505	150.247
	1839.390	162.486	1839.390	162.486
	1827.189	174.814	1827.189	174.814
	1814.895	187.236	1814.895	187.236
	1802.501	199.758	1802.501	199.758
	1790.003	212.385	1790.003	212.385
	1777.394	225.125	1777.394	225.125
	1764.666	237.981	1764.666	237.981
	1751.816	250.961	1751.816	250.961
	1738.835	264.070	1738.835	264.070
	1725.719	277.314	1725.719	277.314
	1712.461	290.699	1712.461	290.699
	1699.055	304.230	1699.055	304.230
	1685.495	317.913	1685.495	317.913
	1671.776	331.753	1671.776	331.753
	1657.891	345.755	1657.891	345.755
	1643.836	359.925	1643.836	359.925
	1629.605	374.297	1629.605	374.297
	1615.192	388.817	1615.192	388.817
	1600.594	403.520	1600.594	403.520
	1585.805	418.412	1585.805	418.412
	1570.821	433.466	1570.821	433.466
	1555.637	448.741	1555.637	448.741
	1540.250	464.209	1540.250	464.209
	1524.656	479.875	1524.656	479.875
	1508.852	495.743	1508.852	495.743
	1492.834	511.816	1492.834	511.816
	1476.601	528.097	1476.601	528.097
	1460.149	544.588	1460.149	544.588
	1443.477	561.289	1443.477	561.289
	1426.583	578.201	1426.583	578.201
	1409.467	595.325	1409.467	595.325
	1392.127	612.660	1392.127	612.660
	1374.566	630.204	1374.566	630.204
	1356.781	647.954	1356.781	647.954
	1338.774	665.904	1338.774	665.904
	1320.548	684.046	1320.548	684.046
	1302.104	702.367	1302.104	702.367
	1283.444	720.880	1283.444	720.880
	1264.574	739.477	1264.574	739.477
	1245.495	758.214	1245.495	758.214
	1226.214	777.008	1226.214	777.008
	1206.736	795.796	1206.736	795.796
	1187.066	814.476	1187.066	814.476
	1167.212	832.878	1167.212	832.878
	1147.181	851.236	1147.181	851.236
	1126.983	868.350	1126.983	868.350
	1106.625	883.761	1106.625	883.761
	1086.119	896.481	1086.119	896.481
	1065.475	905.156	1065.475	905.156
	1044.706	908.030	1044.706	908.030
	1023.824	902.948	1023.824	902.948
	1002.843	887.456	1002.843	887.456
	981.777	859.003	981.777	859.003
	960.643	815.275	960.643	815.275
	939.456	754.633	939.456	754.633
	918.235	676.580	918.235	676.580
	896.996	582.165	896.996	582.165
	875.759	474.174	875.759	474.174
	854.543	356.957	854.543	356.957
	833.367	236.859	833.367	236.859
	812.253	119.259	812.253	119.259
	791.217	6.582	791.217	6.582
	770.281	-98.175	770.281	-98.175
	749.461	-192.762	749.461	-192.762
	728.776	-275.649	728.776	-275.649
	708.240	-346.013	708.240	-346.013
	687.870	-403.678	687.870	-403.678
	667.681	-449.021	667.681	-449.021
	647.686	-482.865	647.686	-482.865
	627.899	-506.347	627.899	-506.347
	608.332	-520.801	608.332	-520.801
	588.997	-527.622	588.997	-527.622
	569.904	-528.195	569.904	-528.195
	551.063	-523.816	551.063	-523.816
	532.485	-515.642	532.485	-515.642
	514.177	-504.639	514.177	-504.639
	496.148	-491.624	496.148	-491.624
	478.404	-477.219	478.404	-477.219
	460.953	-461.939	460.953	-461.939
	443.800	-446.144	443.800	-446.144
	426.950	-430.074	426.950	-430.074
	410.408	-413.909	410.408	-413.909
	394.179	-397.883	394.179	-397.883
	378.266	-382.085	378.266	-382.085
	362.673	-366.559	362.673	-366.559
	347.401	-351.331	347.401	-351.331
	332.453	-336.412	332.453	-336.412
	317.831	-321.810	317.831	-321.810
	303.535	-307.528	303.535	-307.528
	289.568	-293.567	289.568	-293.567
	275.928	-279.930	275.928	-279.930
	262.617	-266.616	262.617	-266.616
	249.633	-253.625	249.633	-253.625
	236.977	-240.957	236.977	-240.957
	224.646	-228.611	224.646	-228.611
	212.640	-216.587	212.640	-216.587
	200.958	-204.882	200.958	-204.882
	189.596	-193.494	189.596	-193.494
	178.553	-182.423	178.553	-182.423
	167.827	-171.664	167.827	-171.664
	157.414	-161.217	157.414	-161.217
	147.313	-151.078	147.313	-151.078
	137.519	-141.244	137.519	-141.244
	128.029	-131.713	128.029	-131.713
	118.840	-122.480	118.840	-122.480
	109.949	-113.542	109.949	-113.542
	101.350	-104.895	101.350	-104.895
	93.041	-96.536	93.041	-96.536
	85.017	-88.461	85.017	-88.461
	77.275	-80.665	77.275	-80.665
	69.808	-73.145	69.808	-73.145
	62.614	-65.895	62.614	-65.895
	55.687	-58.912	55.687	-58.912
	49.023	-52.190	49.023	-52.190
	42.617	-45.726	42.617	-45.726
	36.464	-39.514	36.464	-39.514
	30.560	-33.550	30.560	-33.550
	24.899	-27.829	24.899	-27.829
	19.477	-22.346	19.477	-22.346
	14.288	-17.096	14.288	-17.096
	9.327	-12.074	9.327	-12.074
	4.590	-7.275	4.590	-7.275
	0.071	-2.694	0.071	-2.694
	-4.234	1.673	-4.234	1.673
	-8.331	5.832	-8.331	5.832
	-12.226	9.788	-12.226	9.788
	-15.922	13.546	-15.922	13.546
	-19.425	17.111	-19.425	17.111
	-22.741	20.488	-22.741	20.488
	-25.873	23.681	-25.873	23.681
	-28.828	26.696	-28.828	26.696
	-31.610	29.538	-31.610	29.538
	-34.224	32.211	-34.224	32.211
	-36.674	34.721	-36.674	34.721
	-38.967	37.072	-38.967	37.072
	-41.105	39.269	-41.105	39.269
	-43.096	41.316	-43.096	41.316
	-44.942	43.219	-44.942	43.219
	-46.648	44.981	-46.648	44.981
	-48.220	46.608	-48.220	46.608
	-49.662	48.105	-49.662	48.105
	-50.978	49.474	-50.978	49.474
	-52.172	50.721	-52.172	50.721
	-53.250	51.851	-53.250	51.851
	-54.214	52.867	-54.214	52.867
	-55.070	53.773	-55.070	53.773
	-55.821	54.574	-55.821	54.574
	-56.473	55.273	-56.473	55.273
	-57.027	55.876	-57.027	55.876
	-57.489	56.385	-57.489	56.385
	-57.863	56.804	-57.863	56.804
	-58.151	57.138	-58.151	57.138
	-58.359	57.389	-58.359	57.389
	-58.489	57.562	-58.489	57.562
	-58.545	57.660	-58.545	57.660
	-58.530	57.687	-58.530	57.687
	-58.448	57.645	-58.448	57.645
	-58.302	57.539	-58.302	57.539
	-58.096	57.372	-58.096	57.372
	-57.832	57.146	-57.832	57.146
	-57.514	56.865	-57.514	56.865
	-57.145	56.533	-57.145	56.533
	-56.727	56.154	-56.727	56.154
	-56.264	55.731	-56.264	55.731
	-55.758	55.273	-55.758	55.273
	-55.212	54.789	-55.212	54.789
	-54.629	54.298	-54.629	54.298
	-54.011	53.825	-54.011	53.825
	-53.361	53.392	-53.361	53.392
	-52.681	53.032	-52.681	53.032
	-51.973	52.798	-51.973	52.798
	-51.241	52.726	-51.241	52.726
	-50.485	52.893	-50.485	52.893
	-49.709	53.366	-49.709	53.366
	-48.914	54.249	-48.914	54.249
	-48.103	55.653	-48.103	55.653
	-47.277	57.700	-47.277	57.700
	-46.438	60.508	-46.438	60.508
	-45.588	64.216	-45.588	64.216
	-44.729	68.957	-44.729	68.957
	-43.863	74.857	-43.863	74.857
	-42.990	82.024	-42.990	82.024
	-42.113	90.546	-42.113	90.546
	-41.234	100.485	-41.234	100.485
	-40.352	111.873	-40.352	111.873
	-39.471	124.704	-39.471	124.704
	-38.590	138.939	-38.590	138.939
	-37.710	154.508	-37.710	154.508
	-36.834	171.319	-36.834	171.319
	-35.962	189.259	-35.962	189.259
	-35.094	208.202	-35.094	208.202
	-34.231	228.016	-34.231	228.016
	-33.375	248.564	-33.375	248.564
	-32.526	269.735	-32.526	269.735
	-31.684	291.412	-31.684	291.412
	-30.850	313.490	-30.850	313.490
	-30.024	335.875	-30.024	335.875
	-29.208	358.505	-29.208	358.505
	-28.401	381.316	-28.401	381.316
	-27.604	404.287	-27.604	404.287
	-26.818	427.303	-26.818	427.303
	-26.043	450.422	-26.043	450.422
	-25.278	473.593	-25.278	473.593
	-24.525	496.802	-24.525	496.802
	-23.783	520.038	-23.783	520.038
	-23.053	543.294	-23.053	543.294
	-22.335	566.565	-22.335	566.565
	-21.630	589.846	-21.630	589.846
	-20.936	613.134	-20.936	613.134
	-20.255	636.423	-20.255	636.423
	-19.586	659.708	-19.586	659.708
	-18.930	682.980	-18.930	682.980
	-18.286	706.244	-18.286	706.244
	-17.655	729.454	-17.655	729.454
	-17.036	752.570	-17.036	752.570
	-16.429	775.536	-16.429	775.536
	-15.835	798.270	-15.835	798.270
	-15.253	820.658	-15.253	820.658
	-14.683	842.553	-14.683	842.553
	-14.125	863.773	-14.125	863.773
	-13.579	884.101	-13.579	884.101
	-13.044	903.298	-13.044	903.298
	-12.521	921.119	-12.521	921.119
	-12.009	937.334	-12.009	937.334
	-11.508	951.752	-11.508	951.752
	-11.018	964.249	-11.018	964.249
	-10.540	974.781	-10.540	974.781
	-10.071	983.391	-10.071	983.391
	-9.614	990.204	-9.614	990.204
	-9.167	995.411	-9.167	995.411
	-8.731	999.241	-8.731	999.241
	-8.306	1001.940	-8.306	1001.940
	-7.891	1003.745	-7.891	1003.745
	-7.486	1004.874	-7.486	1004.874
	-7.092	1005.509	-7.092	1005.509
	-6.709	1005.797	-6.709	1005.797
	-6.335	1005.850	-6.335	1005.850
	-5.972	1005.751	-5.972	1005.751
	-5.620	1005.557	-5.620	1005.557
	-5.277	1005.302	-5.277	1005.302
	-4.945	1005.038	-4.945	1005.038
	-4.622	1004.759	-4.622	1004.759
	-4.309	1004.474	-4.309	1004.474
	-4.006	1004.188	-4.006	1004.188
	-3.713	1003.904	-3.713	1003.904
	-3.429	1003.625	-3.429	1003.625
	-3.155	1003.352	-3.155	1003.352
	-2.889	1003.086	-2.889	1003.086
	-2.633	1002.828	-2.633	1002.828
	-2.386	1002.578	-2.386	1002.578
	-2.148	1002.337	-2.148	1002.337
	-1.918	1002.104	-1.918	1002.104
	-1.697	1001.879	-1.697	1001.879
	-1.485	1001.663	-1.485	1001.663
	-1.280	1001.455	-1.280	1001.455
	-1.084	1001.255	-1.084	1001.255
	-0.895	1001.062	-0.895	1001.062
	-0.715	1000.878	-0.715	1000.878
	-0.542	1000.701	-0.542	1000.701
	-0.376	1000.532	-0.376	1000.532
	-0.218	1000.370	-0.218	1000.370
	-0.067	1000.215	-0.067	1000.215
	0.078	1000.067	0.078	1000.067
	0.215	999.926	0.215	999.926
	0.346	999.791	0.346	999.791
	0.470	999.663	0.470	999.663
	0.588	999.541	0.588	999.541
	0.700	999.426	0.700	999.426
	0.806	999.316	0.806	999.316
	0.906	999.213	0.906	999.213
	1.000	999.115	1.000	999.115
	1.089	999.022	1.089	999.022
	1.172	998.935	1.172	998.935
	1.251	998.854	1.251	998.854
	1.324	998.777	1.324	998.777
	1.392	998.705	1.392	998.705
	1.456	998.638	1.456	998.638
	1.515	998.576	1.515	998.576
	1.570	998.518	1.570	998.518
	1.620	998.465	1.620	998.465
	1.666	998.415	1.666	998.415
	1.708	998.370	1.708	998.370
	1.747	998.329	1.747	998.329
	1.781	998.291	1.781	998.291
	1.812	998.258	1.812	998.258
	1.840	998.227	1.840	998.227
	1.864	998.200	1.864	998.200
	1.885	998.177	1.885	998.177
	1.903	998.156	1.903	998.156
	1.918	998.139	1.918	998.139
	1.930	998.124	1.930	998.124
	1.939	998.112	1.939	998.112
	1.946	998.103	1.946	998.103
	1.950	998.096	1.950	998.096
	1.952	998.092	1.952	998.092
	1.952	998.090	1.952	998.090
	1.949	998.091	1.949	998.091
	1.944	998.093	1.944	998.093
	1.938	998.098	1.938	998.098
	1.929	998.104	1.929	998.104
	1.919	998.112	1.919	998.112
	1.907	998.122	1.907	998.122
	1.894	998.134	1.894	998.134
	1.879	998.147	1.879	998.147
	1.863	998.161	1.863	998.161
	1.845	998.177	1.845	998.177
	1.826	998.195	1.826	998.195
	1.806	998.213	1.806	998.213
	1.785	998.233	1.785	998.233
	1.763	998.253	1.763	998.253
